Header0.5063656411097588
0.7041872543754419
0.8581168250685804
0.9585599118980876
0.9992558899863538
0.977668176071352
0.8951423339250957
0.7568222052662638
0.5713292937332858
0.3502253859380644
0.10729190446898663
-0.14232908917725895
-0.38307870038557557
-0.5999509884508035
-0.7794282879488657
-0.9103237658017187
-0.9844786973934697
-0.9972710004666432
-0.9479033298440862
-0.8394527760116165
-0.6786790698451536
-0.47560324809558696
-0.24288304144222564
0.004976082777296987
0.25252504739687154
0.4843341075207196
0.6859545876403905
0.8448194686257835
0.9510266909378096
0.9979563507167125
0.9826833188691554
0.9061595645764882
0.7731548189867187
0.5919592775265652
0.3738668714200277
0.13247131613706267
-0.1171811858761676
-0.3595297760858112
-0.5794688493097322
-0.7632895871827469
-0.8995344297983005
-0.9797112262473633
-0.9988225509997138
-0.9556771937992222
-0.8529644078853996
-0.6970862886441852
-0.49775873053880904
-0.2674058347041349
-0.020385513822992835
0.22790543761134716
0.461991026611197
0.6672806814583662
0.8309786830962145
0.9428817232253018
0.9960148772487619
0.9870663518276486
0.9165939091996402
0.7889901018183726
0.6122084842407892
0.3972678674955954
0.15756551579356293
-0.09195790592103292
-0.3357495846986626
-0.5586139675422326
-0.7466599013260736
-0.8881664693764599
-0.9743135570568794
-0.9997316101522058
-0.9628363195718682
-0.8659273714502241
-0.7150451075432294
-0.5195940302892607
-0.29175661949092324
-0.045733997466524894
0.20313922793267283
0.4393507705405757
0.6481775477966112
0.8166033715481855
0.9341302480010534
0.9934327184329285
0.9908144555662599
0.9264386559151736
0.804317867734953
0.6320638885985804
0.4204133215027632
0.1825583616253157
-0.06667547415572816
-0.311753422803053
-0.5373997580254171
-0.7295499274038721
-0.8762271969627926
-0.968289161866103
-0.9999975931729346
-0.9693761020631537
-0.87833332829568
-0.7325439745540612
-0.5410951018171648
-0.31591973219015
-0.07105306277229291
0.1782423491948413
0.4164279026257981
0.628657474722418
0.8017027808832142
0.9247778946407604
0.9902115352397027
0.9939252191218536
0.9356874721018412
0.8191282571698472
0.6515127186354551
0.443288345156636
0.2074337770149149
-0.041350153473469965
-0.28755672590068326
-0.5158398667735318
-0.7119706713858772
-0.8637242924796312
-0.9616419158598499
-0.9996203289686483
-0.9752923345660142
-0.8901742983052457
-0.7495716335519433
-0.5622481145846385
-0.3398796299092146
-0.0963264232826003
0.15323081628455726
0.39323716797352876
0.6087330184988329
0.7862864958879658
0.9148306790342591
0.9863533996912219
0.996396641499591
0.9443344084699773
0.8334117433582204
0.6705424639153195
0.4658782241263113
0.23217576088192826
-0.015998234355718174
-0.2631750584871515
-0.4939481621601749
-0.6939334411069564
-0.8506657984049462
-0.9543760948709589
-0.9986000602140834
-0.9805812114711502
-0.9014426647894892
-0.766117131516115
-0.5830394619421754
-0.36362090047330986
-0.1215378219393111
0.12812071783967413
0.3697934839953757
0.5884169955079068
0.7703644330688465
0.904294999715783
0.9818607935284434
0.9982271329600592
0.9523739028883733
0.8471591384651013
0.6891408835779105
0.48816842749985506
0.2567683979755867
0.009363975606656354
-0.23862410404011009
-0.47173872599748234
-0.6754498389933588
-0.837060114599031
-0.9464963726298672
-0.996937443195865
-0.9852393307149809
-0.9121311793854964
-0.7821698255753131
-0.6034557698810828
-0.3871282723392578
-0.14667104154115454
0.1029282059002257
0.3461119308123105
0.5677224740064825
0.7539468342732403
0.8931776337481226
0.9767366066147719
0.9994155160418728
0.9598007839621049
0.8603615994954638
0.7072960142125649
0.5101446171312929
0.2811958691122499
0.034720162203209594
-0.21391965493088808
-0.4492258444780192
-0.6565317545994679
-0.8229159929013021
-0.9380078177582397
-0.9946335473903499
-0.9892636959680183
-0.9222329667193601
-0.7977193898537684
-0.6234839056363317
-0.4103866244189511
-0.17170991517546214
0.07766948551860389
0.32220774155435916
0.5466627657201333
0.7370442601014271
0.8814857323633009
0.9709841350771509
0.999961026319072
0.9666102743590308
0.8730106339824355
0.7249961775537854
0.5317926568636044
0.3054424613510768
0.060054015098020185
-0.1890776022660676
-0.4264239989852043
-0.6371913569598618
-0.8082425315006899
-0.9289158905085811
-0.9916898547756879
-0.9926517185622482
-0.9317415288287736
-0.8127558221133395
-0.6431109861341677
-0.4333809958059477
-0.19663833661748623
0.05236080433570689
0.29809629256193626
0.5252514172803786
0.719667583113502
0.8692268163625365
0.9646070791858428
0.9998633128928398
0.9727979938828093
0.8850981054501044
0.7422299879932172
0.5530986216217899
0.32949257810135524
0.08534923832129303
-0.16411392566554922
-0.4033478567781775
-0.6174410867615897
-0.7930491690832346
-0.9192264392519461
-0.9881082588785438
-0.9954012191562944
-0.9406507493428251
-0.8272694501874222
-0.6623243862791391
-0.45609659539906233
-0.2214402706907163
0.02701844212965699
0.27379309349502634
0.5035022015108287
0.7018279808356295
0.8564087712785146
0.9576095409742248
0.999122438617218
0.9783599622904477
0.8966162386472777
0.7589863599034372
0.5740488063701565
0.3533307491549903
0.11058956075172183
-0.13904468298368083
-0.38001226155710394
-0.5972936483417439
-0.777345678760685
-0.9089456967159689
-0.983891063556085
-0.9975104291372735
-0.948954897416351
-0.8412509382025668
-0.681111747075179
-0.47851881141673047
-0.2460997635814936
0.0016587003438462116
0.24931377735660726
0.48142910856785764
0.6835369285700844
0.8430398423030069
0.9499960216001672
0.9977388800586753
0.9832926018525913
0.9075576245489065
0.7752545147687712
0.5946297349280665
0.3769416406376963
0.13575874658286796
-0.11388599998006273
-0.3564322239149814
-0.5767620015153544
-0.7611421617839133
-0.8980802759756614
-0.9790409815140237
-0.9989779917584516
-0.9566486314162859
-0.8546912925837522
-0.6994609835754927
-0.5006332207959936
-0.2706009531012545
-0.023702108398918755
0.22467409043676762
0.45904633694141583
0.6648061920137974
0.8291286289831761
0.9417714184506668
0.9957135271895574
0.987592739654893
0.9179152251219328
0.7910239881185596
0.6148281686384737
0.40031006487249277
0.16084060576682302
-0.08865405994667236
-0.3326229116820953
-0.5558593532390596
-0.7444490410453308
-0.8866371661996001
-0.9735611325616901
-0.9998029630119736
-0.9637270023576754
-0.8675818678395154
-0.7173602926562177
-0.5224255984701548
-0.29492807888990524
-0.04904767078953378
0.1998898821838839
0.43636828432189284
0.6456478196900793
0.8146840796899238
0.93294102199161
0.9930476828156127
0.9912576096389869
0.9276823778524945
0.8062846362584161
0.6346311148836731
0.42342099014915896
0.18581900442843724
-0.06336509329798179
-0.3085996401693168
-0.534599149115708
-0.7272770543743927
-0.8746237281541042
-0.9674550416051975
-0.9999848122360928
-0.970185457087095
-0.8799143721231371
-0.7347981606087467
-0.5438819265190098
-0.31906549255362676
-0.07436168332608495
0.17497709500950956
0.41340953833881483
0.6260741351984239
0.7997154858618626
0.9235105123646856
0.9897430617379641
0.9942848543817518
0.93685280003158
0.8210266427951465
0.6540258354427868
0.446259550393363
0.21067787524342882
-0.03803536713074915
-0.28437786231660167
-0.512995064745544
-0.709637247630449
-0.8620476894684584
-0.9607266363800625
-0.999523422456519
-0.9760198412114636
-0.8916808725663663
-0.7517633705459118
-0.5649884031858639
-0.34299766773069157
-0.09962786280106325
0.14995175403343164
0.3901848671773697
0.6060977292873677
0.7842324760286087
0.9134859557336421
0.9858017896500657
0.9966725266117208
0.9454205927963728
0.8352405249511313
0.6729998546856084
0.4688110547292587
0.23540122777361497
-0.012681174760285494
-0.2599731587528251
-0.4910609969293228
-0.6915409675975476
-0.848917139664119
-0.9533802449246922
-0.9984190904616617
-0.9812264017703504
-0.9028738003822281
-0.7682450096172339
-0.5857314517554945
-0.36670921007877694
-0.12482995677551786
0.12482995677553196
0.36670921007879015
0.5857314517555059
0.768245009617243
0.9028738003822342
0.981226401770353
0.9984190904616609
0.9533802449246879
0.848917139664119
0.6915409675975476
0.4910609969293228
0.2599731587528251
0.012681174760285494
-0.23540122777361497
-0.4688110547292587
-0.6729998546856188
-0.8352405249511392
-0.9454205927963774
-0.9966725266117219
-0.9858017896500634
-0.9134859557336363
-0.7842324760285998
-0.6060977292873565
-0.3901848671773566
-0.1499517540334176
0.09962786280107738
0.34299766773070495
0.5649884031858756
0.7517633705459212
0.8916808725663727
0.9760198412114666
0.999523422456519
0.9607266363800625
0.8620476894684584
0.709637247630449
0.512995064745544
0.28437786231660167
0.03803536713074915
-0.21067787524342882
-0.4462595503933757
-0.6540258354427975
-0.8210266427951546
-0.936852800031585
-0.9942848543817533
-0.989743061737962
-0.9235105123646802
-0.799715485861854
-0.6260741351984129
-0.4134095383388019
-0.17497709500949557
0.07436168332609912
0.31906549255364025
0.5438819265190218
0.7347981606087564
0.8799143721231371
0.970185457087095
0.9999848122360928
0.9674550416051975
0.8746237281541042
0.7272770543743927
0.534599149115708
0.3085996401693168
0.0633650932979676
-0.1858190044284512
-0.42342099014917184
-0.6346311148836841
-0.8062846362584245
-0.9276823778524999
-0.9912576096389888
-0.993047682815611
-0.9329410219916048
-0.8146840796899155
-0.6456478196900685
-0.4363682843218801
-0.19988988218386997
0.04904767078954798
0.29492807888991884
0.5224255984701669
0.7173602926562177
0.8675818678395154
0.9637270023576754
0.9998029630119736
0.9735611325616901
0.8866371661996001
0.7444490410453308
0.5558593532390478
0.3326229116820819
0.0886540599466582
-0.16084060576683704
-0.4003100648725058
-0.6148281686384849
-0.7910239881185682
-0.9179152251219385
-0.9875927396548952
-0.9957135271895562
-0.941771418450662
-0.8291286289831681
-0.6648061920137868
-0.45904633694140323
-0.22467409043675377
0.023702108398932963
0.2706009531012545
0.5006332207959936
0.6994609835754927
0.8546912925837522
0.9566486314162859
0.9989779917584516
0.9790409815140237
0.8980802759756614
0.761142161783904
0.5767620015153427
0.3564322239149681
0.1138859999800486
-0.13575874658286796
-0.37694164063770946
-0.5946297349280665
-0.7752545147687802
-0.9075576245489065
-0.9832926018525939
-0.9977388800586753
-0.9499960216001627
-0.8430398423030069
-0.6835369285700741
-0.48142910856785764
-0.2493137773565935
-0.0016587003438462116
0.24609976358150737
0.47851881141673047
0.6811117470751893
0.8412509382025668
0.9489548974163555
0.9975104291372735
0.9838910635560799
0.9089456967159629
0.7773456787606672
0.5972936483417325
0.38001226155710394
0.13904468298366676
-0.11058956075172183
-0.3533307491550036
-0.5740488063701565
-0.7589863599034464
-0.8966162386472777
-0.9783599622904506
-0.999122438617218
-0.9576095409742207
-0.8564087712785146
-0.7018279808356194
-0.5035022015108287
-0.27379309349500586
-0.027018442129649888
0.2214402706907371
0.45609659539906866
0.6623243862791551
0.8272694501874261
0.9406507493428323
0.9954012191562951
0.9881082588785406
0.9192264392519434
0.793049169083239
0.6174410867615842
0.4033478567781775
0.1641139256655352
-0.08534923832129303
-0.32949257810136867
-0.5530986216217899
-0.7422299879932267
-0.8850981054501044
-0.9727979938828126
-0.9998633128928398
-0.964607079185839
-0.8692268163625365
-0.7196675831134921
-0.5252514172803725
-0.2980962925619159
-0.0523608043356998
0.19663833661750713
0.4333809958059541
0.643110986134184
0.8127558221133436
0.9317415288287813
0.9926517185622491
0.9916898547756889
0.9289158905085785
0.8082425315006899
0.6371913569598509
0.4264239989852043
0.18907760226605366
-0.060054015098020185
-0.3054424613510903
-0.5317926568636044
-0.7249961775537952
-0.8730106339824355
-0.9666102743590345
-0.999961026319072
-0.9709841350771474
-0.8814857323632975
-0.7370442601014127
-0.5466627657201273
-0.32220774155433896
-0.07766948551859681
0.17170991517548315
0.41038662441895757
0.6234839056363484
0.7977193898537727
0.9222329667193683
0.9892636959680193
0.9946335473903499
0.9380078177582347
0.8229159929013021
0.6565317545994572
0.4492258444780192
0.2139196549308742
-0.034720162203209594
-0.2811958691122636
-0.5101446171312929
-0.707296014212575
-0.8603615994954638
-0.9598007839621089
-0.9994155160418731
-0.9767366066147674
-0.8931776337481194
-0.7539468342732263
-0.5677224740064766
-0.3461119308122905
-0.10292820590021863
0.14667104154117563
0.38712827233926433
0.6034557698810998
0.7821698255753176
0.9121311793854935
0.9852393307149834
0.996937443195865
0.9464963726298626
0.837060114599031
0.6754498389933482
0.47173872599748234
0.2386241040400963
-0.009363975606656354
-0.25676839797560047
-0.48816842749985506
-0.6891408835779208
-0.847159138465105
-0.9523739028883799
-0.9982271329600596
-0.9818607935284392
-0.9042949997157799
-0.770364433068833
-0.588416995507901
-0.3697934839953559
-0.12812071783966708
0.12153782193933227
0.3636209004733165
0.5830394619421696
0.7661171315161242
0.9014426647894892
0.9805812114711531
0.9986000602140834
0.9543760948709546
0.8506657984049462
0.6939334411069462
0.4939481621601749
0.2631750584871378
0.015998234355718174
-0.23217576088194208
-0.4658782241263113
-0.6705424639153406
-0.8334117433582204
-0.9443344084699866
-0.996396641499591
-0.9863533996912173
-0.9148306790342591
-0.7862864958879483
-0.6087330184988329
-0.3932371679735026
-0.15323081628454321
0.0963264232826003
0.339879629909228
0.5622481145846385
0.7495716335519528
0.8901742983052457
0.9752923345660174
0.9996203289686483
0.961641915859846
0.8637242924796312
0.7119706713858672
0.5158398667735318
0.28755672590066966
0.041350153473469965
-0.2074337770149288
-0.443288345156636
-0.6515127186354659
-0.8191282571698472
-0.9356874721018512
-0.9939252191218536
-0.9902115352396987
-0.9247778946407604
-0.8017027808831972
-0.6286574747224069
-0.4164279026257981
-0.17824234919482732
0.07105306277229291
0.31591973219016345
0.5410951018171648
0.7325439745540708
0.87833332829568
0.9693761020631572
0.9999975931729346
0.9682891618660995
0.8762271969627926
0.7295499274038624
0.5373997580254171
0.31175342280303947
0.06667547415572816
-0.18255836162532965
-0.4204133215027632
-0.6320638885986025
-0.804317867734953
-0.9264386559151843
-0.9908144555662599
-0.9934327184329252
-0.9341302480010483
-0.8166033715481855
-0.6481775477966004
-0.4393507705405757
-0.20313922793265893
0.045733997466524894
0.29175661949093684
0.5195940302892607
0.7150451075432394
0.8659273714502241
0.9628363195718721
0.9997316101522058
0.9743135570568762
0.8881664693764599
0.7466599013260642
0.5586139675422326
0.33574958469864924
0.09195790592103292
-0.15756551579357697
-0.3972678674955954
-0.6122084842408116
-0.7889901018183726
-0.9165939091996516
-0.9870663518276508
-0.9960148772487619
-0.9428817232252972
-0.8309786830962145
-0.6672806814583556
-0.461991026611197
-0.2279054376113333
0.020385513822992835
0.2674058347041486
0.49775873053880904
0.6970862886441954
0.8529644078853996
0.9556771937992264
0.9988225509997138
0.9797112262473604
0.8995344297983005
0.7632895871827376
0.5794688493097322
0.35952977608579795
0.1171811858761676
-0.13247131613709084
-0.3738668714200277
-0.5919592775265881
-0.7731548189867277
-0.9061595645765002
-0.982683318869158
-0.9979563507167125
-0.9510266909378051
-0.8448194686257835
-0.6859545876403802
-0.4843341075207196
-0.25252504739685777
-0.004976082777296987
0.24288304144223943
0.47560324809558696
0.678679069845164
0.8394527760116165
0.9479033298440908
0.9972710004666432
0.9844786973934673
0.9103237658017187
0.7794282879488567
0.5999509884508035
0.3830787003855493
0.14232908917724488
-0.10729190446901489
-0.3502253859380777
-0.5713292937333091
-0.7568222052662731
-0.8951423339250957
-0.977668176071355
-0.9992558899863538
-0.9585599118980835
-0.8581168250685804
-0.7041872543754318
-0.5063656411097588
